26.42 15.00
26.42 15.00
26.42 18.00
26.41 22.00
26.42 23.00
26.40 24.00
26.40 25.00
26.41 26.00
26.41 26.00
26.39 27.00
26.38 27.00
26.40 27.00
26.38 27.00
26.39 27.00
26.38 27.00
26.38 27.00
26.39 27.00
26.39 27.00
26.38 27.00
26.37 27.00
26.37 27.00
26.37 27.00
26.37 27.00
26.36 27.00
26.37 27.00
26.34 27.00
26.36 27.00
26.36 27.00
26.35 27.00
26.35 27.00
26.35 27.00
26.34 27.00
26.34 27.00
26.35 27.00
26.33 27.00
26.34 27.00
26.34 27.00
26.33 27.00
26.34 27.00
26.34 27.00
26.33 27.00
26.31 27.00
26.32 27.00
26.31 27.00
26.31 27.00
26.32 27.00
26.30 27.00
26.30 27.00
26.30 27.00
26.31 27.00
26.30 27.00
26.30 27.00
26.30 27.00
26.31 27.00
26.29 27.00
26.30 27.00
26.30 27.00
26.30 27.00
26.28 27.00
26.28 27.00
26.30 27.00
26.30 27.00
26.30 27.00
26.30 27.00
26.30 27.00
26.28 27.00
26.30 27.00
26.28 27.00
26.30 27.00
26.30 27.00
26.29 27.00
26.28 27.00
26.29 27.00
26.30 27.00
26.29 27.00
26.29 27.00
26.29 27.00
26.28 27.00
26.29 27.00
26.31 27.00
26.29 27.00
26.30 27.00
26.29 27.00
26.29 27.00
26.28 27.00
26.30 27.00
26.30 27.00
26.29 27.00
26.30 27.00
26.31 27.00
26.30 27.00
26.30 27.00
26.30 27.00
26.31 27.00
26.32 27.00
26.32 27.00
26.32 27.00
26.32 27.00
26.33 27.00
26.32 27.00
26.32 27.00
26.33 27.00
26.34 27.00
26.34 27.00
26.34 27.00
26.34 27.00
26.34 27.00
26.35 27.00
26.35 27.00
26.36 27.00
26.35 27.00
26.35 27.00
26.37 27.00
26.37 27.00
26.37 27.00
26.37 27.00
26.38 27.00
26.37 27.00
26.38 27.00
26.37 27.00
26.38 27.00
26.39 27.00
26.39 27.00
26.39 27.00
26.39 27.00
26.40 27.00
26.41 27.00
26.40 27.00
26.41 27.00
26.42 27.00
26.42 27.00
26.41 27.00
26.43 27.00
26.42 27.00
26.43 27.00
26.45 27.00
26.44 27.00
26.45 27.00
26.46 27.00
26.46 27.00
26.45 27.00
26.47 27.00
26.47 27.00
26.47 27.00
26.48 27.00
26.48 27.00
26.48 27.00
26.49 27.00
26.50 27.00
26.49 27.00
26.51 27.00
26.51 27.00
26.52 27.00
26.52 27.00
26.53 27.00
26.53 27.00
26.54 27.00
26.54 27.00
26.55 27.00
26.55 27.00
26.56 27.00
26.56 27.00
26.57 27.00
26.57 27.00
26.58 27.00
26.59 27.00
26.58 27.00
26.58 27.00
26.59 27.00
26.60 27.00
26.61 27.00
26.60 27.00
26.57 27.00
26.56 27.00
26.56 27.00
26.56 27.00
26.56 27.00
26.56 27.00
26.55 27.00
26.58 27.00
26.58 27.00
26.58 27.00
26.59 27.00
26.59 27.00
26.59 27.00
26.62 27.00
26.61 27.00
26.61 27.00
26.62 27.00
26.63 27.00
26.63 27.00
26.63 27.00
26.64 27.00
26.64 27.00
26.65 27.00
26.65 27.00
26.66 27.00
26.67 27.00
26.68 27.00
26.67 27.00
26.69 27.00
26.69 27.00
26.70 27.00
26.72 27.00
26.73 27.00
26.73 27.00
26.74 27.00
26.74 27.00
26.75 27.00
26.75 27.00
26.76 27.00
26.77 27.00
26.78 27.00
26.79 27.00
26.79 27.00
26.81 27.00
26.80 27.00
26.80 27.00
26.81 27.00
26.82 27.00
26.83 27.00
26.83 27.00
26.84 27.00
26.84 27.00
26.85 27.00
26.85 27.00
26.86 27.00
26.86 27.00
26.86 27.00
26.86 27.00
26.88 27.00
26.87 27.00
26.88 27.00
26.89 27.00
26.88 27.00
26.89 27.00
26.89 27.00
26.90 27.00
26.90 27.00
26.91 27.00
26.91 27.00
26.92 27.00
26.91 27.00
26.92 27.00
26.93 27.00
26.93 27.00
26.93 27.00
26.94 27.00
26.96 27.00
26.96 27.00
26.96 27.00
26.97 27.00
26.97 27.00
26.98 27.00
26.98 27.00
26.99 27.00
26.99 27.00
27.01 27.00
27.01 27.00
27.01 27.00
27.02 27.00
27.02 27.00
27.02 27.00
27.04 27.00
27.03 27.00
27.04 27.00
27.04 27.00
27.04 27.00
27.05 27.00
27.06 27.00
27.07 27.00
27.07 27.00
27.06 27.00
27.07 27.00
27.08 27.00
27.08 27.00
27.08 27.00
27.08 27.00
27.08 27.00
27.09 27.00
27.09 27.00
27.10 27.00
27.09 27.00
27.12 27.00
27.11 27.00
27.11 27.00
27.12 27.00
27.12 27.00
27.13 27.00
27.13 27.00
27.12 27.00
27.14 27.00
27.14 27.00
27.15 27.00
27.16 27.00
27.16 27.00
27.15 27.00
27.17 27.00
27.17 27.00
27.16 27.00
27.17 27.00
27.17 27.00
27.17 27.00
27.18 27.00
27.17 27.00
27.17 27.00
27.19 27.00
27.19 27.00
27.19 27.00
27.20 27.00
27.20 27.00
27.20 27.00
27.21 27.00
27.23 27.00
27.22 27.00
27.23 27.00
27.23 27.00
27.23 27.00
27.24 27.00
27.25 27.00
27.24 27.00
27.26 27.00
27.27 27.00
27.27 27.00
27.27 27.00
27.28 27.00
27.29 27.00
27.29 27.00
27.30 27.00
27.29 27.00
27.30 27.00
27.31 27.00
27.31 27.00
27.32 27.00
27.31 27.00
27.32 27.00
27.32 27.00
27.33 27.00
27.32 27.00
27.33 27.00
27.34 27.00
27.35 27.00
27.34 27.00
27.34 27.00
27.34 27.00
27.35 27.00
27.35 27.00
27.36 27.00
27.36 27.00
27.36 27.00
27.36 27.00
27.37 27.00
27.37 27.00
27.38 27.00
27.37 27.00
27.36 27.00
27.35 27.00
27.37 27.00
27.37 27.00
27.37 27.00
27.38 27.00
27.37 27.00
27.38 27.00
27.39 27.00
27.39 27.00
27.39 27.00
27.41 27.00
27.40 27.00
27.39 27.00
27.41 27.00
27.40 27.00
27.41 27.00
27.40 27.00
27.39 27.00
27.41 27.00
27.39 27.00
27.39 27.00
27.39 27.00
27.38 27.00
27.38 27.00
27.39 27.00
27.38 27.00
27.38 27.00
27.39 27.00
27.38 27.00
27.39 27.00
27.39 27.00
27.38 27.00
27.39 27.00
27.38 27.00
27.39 27.00
27.39 27.00
27.39 27.00
27.39 27.00
27.39 27.00
27.39 27.00
27.39 27.00
27.39 27.00
27.37 27.00
27.38 27.00
27.39 27.00
27.39 27.00
27.38 27.00
27.39 27.00
27.39 27.00
27.39 27.00
27.39 27.00
27.38 27.00
27.39 27.00
27.39 27.00
27.41 27.00
27.40 27.00
27.39 27.00
27.39 27.00
27.38 27.00
27.39 27.00
27.39 27.00
27.38 27.00
27.38 27.00
27.37 27.00
27.38 27.00
27.37 27.00
27.37 27.00
27.37 27.00
27.39 27.00
27.37 27.00
27.38 27.00
27.37 27.00
27.35 27.00
27.37 27.00
27.37 27.00
27.35 27.00
27.35 27.00
27.35 27.00
27.35 27.00
27.35 27.00
27.34 27.00
27.34 27.00
27.34 27.00
27.33 27.00
27.33 27.00
27.33 27.00
27.34 27.00
27.32 27.00
27.32 27.00
27.32 27.00
27.33 27.00
27.33 27.00
27.33 27.00
27.33 27.00
27.32 27.00
27.33 27.00
27.32 27.00
27.33 27.00
27.33 27.00
27.33 27.00
27.33 27.00
27.31 27.00
27.32 27.00
27.32 27.00
27.32 27.00
27.31 27.00
27.32 27.00
27.32 27.00
27.31 27.00
27.30 27.00
27.30 27.00
27.29 27.00
27.31 27.00
27.29 27.00
27.28 27.00
27.29 27.00
27.29 27.00
27.28 27.00
27.28 27.00
27.28 27.00
27.28 27.00
27.28 27.00
27.29 27.00
27.28 27.00
27.27 27.00
27.27 27.00
27.27 27.00
27.28 27.00
27.28 27.00
27.27 27.00
27.27 27.00
27.25 27.00
27.25 27.00
27.24 27.00
27.24 27.00
27.24 27.00
27.24 27.00
27.22 27.00
27.22 27.00
27.21 27.00
27.21 27.00
27.20 27.00
27.20 27.00
27.19 27.00
27.19 27.00
27.19 27.00
27.18 27.00
27.18 27.00
27.18 27.00
27.17 27.00
27.18 27.00
27.18 27.00
27.17 27.00
27.17 27.00
27.16 27.00
27.16 27.00
27.16 27.00
27.16 27.00
27.15 27.00
27.14 27.00
27.15 27.00
27.14 27.00
27.13 27.00
27.13 27.00
27.14 27.00
27.12 27.00
27.12 27.00
27.13 27.00
27.12 27.00
27.13 27.00
27.13 27.00
27.13 27.00
27.13 27.00
27.13 27.00
27.11 27.00
27.11 27.00
27.12 27.00
27.11 27.00
27.11 27.00
27.11 27.00
27.11 27.00
27.10 27.00
27.11 27.00
27.09 27.00
27.10 27.00
27.08 27.00
27.09 27.00
27.08 27.00
27.08 27.00
27.07 27.00
27.06 27.00
27.07 27.00
27.08 27.00
27.07 27.00
27.07 27.00
27.07 27.00
27.06 27.00
27.07 27.00
27.06 27.00
27.06 27.00
27.06 27.00
27.06 27.00
27.05 27.00
27.06 27.00
27.05 27.00
27.04 27.00
27.05 27.00
27.04 27.00
27.05 27.00
27.03 27.00
27.02 27.00
27.03 27.00
27.02 27.00
27.02 27.00
27.03 27.00
27.01 27.00
27.01 27.00
27.01 27.00
27.02 27.00
27.01 27.00
27.00 27.00
26.99 27.00
26.99 27.00
26.99 27.00
26.99 27.00
27.00 27.00
26.99 27.00
26.98 27.00
26.98 27.00
26.97 27.00
26.97 27.00
26.96 27.00
26.96 27.00
26.96 27.00
26.96 27.00
26.95 27.00
26.96 27.00
26.95 27.00
26.95 27.00
26.95 27.00
26.95 27.00
26.94 27.00
26.93 27.00
26.93 27.00
26.94 27.00
26.92 27.00
26.92 27.00
26.92 27.00
26.91 27.00
26.91 27.00
26.90 27.00
26.91 27.00
26.91 27.00
26.90 27.00
26.89 27.00
26.90 27.00
26.89 27.00
26.90 27.00
26.89 27.00
26.89 27.00
26.88 27.00
26.88 27.00
26.88 27.00
26.87 27.00
26.88 27.00
26.88 27.00
26.87 27.00
26.87 27.00
26.87 27.00
26.87 27.00
26.86 27.00
26.86 27.00
26.86 27.00
26.86 27.00
26.86 27.00
26.87 27.00
26.86 27.00
26.86 27.00
26.85 27.00
26.85 27.00
26.86 27.00
26.85 27.00
26.86 27.00
26.86 27.00
26.86 27.00
26.85 27.00
26.85 27.00
26.84 27.00
26.84 27.00
26.84 27.00
26.84 27.00
26.84 27.00
26.83 27.00
26.84 27.00
26.83 27.00
26.83 27.00
26.83 27.00
26.83 27.00
26.82 27.00
26.82 27.00
26.83 27.00
26.83 27.00
26.83 27.00
26.84 27.00
26.83 27.00
26.83 27.00
26.82 27.00
26.82 27.00
26.82 27.00
26.82 27.00
26.82 27.00
26.81 27.00
26.82 27.00
26.82 27.00
26.81 27.00
26.80 27.00
26.80 27.00
26.78 27.00
26.80 27.00
26.80 27.00
26.79 27.00
26.79 27.00
26.79 27.00
26.78 27.00
26.79 27.00
26.78 27.00
26.79 27.00
26.78 27.00
26.79 27.00
26.79 27.00
26.79 27.00
26.78 27.00
26.79 27.00
26.80 27.00
26.79 27.00
26.80 27.00
26.79 27.00
26.78 27.00
26.79 27.00
26.78 27.00
26.78 27.00
26.77 27.00
26.77 27.00
26.77 27.00
26.78 27.00
26.78 27.00
26.77 27.00
26.77 27.00
26.78 27.00
26.78 27.00
26.79 27.00
26.78 27.00
26.77 27.00
26.79 27.00
26.79 27.00
26.78 27.00
26.80 27.00
26.79 27.00
26.79 27.00
26.79 27.00
26.80 27.00
26.80 27.00
26.79 27.00
26.79 27.00
26.79 27.00
26.80 27.00
26.80 27.00
26.79 27.00
26.80 27.00
26.80 27.00
26.79 27.00
26.80 27.00
26.79 27.00
26.81 27.00
26.79 27.00
26.80 27.00
26.80 27.00
26.81 27.00
26.81 27.00
26.81 27.00
26.81 27.00
26.81 27.00
26.81 27.00
26.81 27.00
26.81 27.00
26.82 27.00
26.81 27.00
26.82 27.00
26.82 27.00
26.81 27.00
26.82 27.00
26.82 27.00
26.82 27.00
26.83 27.00
26.83 27.00
26.83 27.00
26.83 27.00
26.83 27.00
26.84 27.00
26.83 27.00
26.84 27.00
26.83 27.00
26.83 27.00
26.83 27.00
26.84 27.00
26.83 27.00
26.82 27.00
26.82 27.00
26.82 27.00
26.81 27.00
26.82 27.00
26.82 27.00
26.81 27.00
26.82 27.00
26.82 27.00
26.82 27.00
26.82 27.00
26.81 27.00
26.81 27.00
26.81 27.00
26.81 27.00
26.82 27.00
26.81 27.00
26.82 27.00
26.81 27.00
26.82 27.00
26.81 27.00
26.82 27.00
26.83 27.00
26.84 27.00
26.84 27.00
26.83 27.00
26.83 27.00
26.84 27.00
26.85 27.00
26.85 27.00
26.85 27.00
26.86 27.00
26.85 27.00
26.85 27.00
26.86 27.00
26.86 27.00
26.87 27.00
26.86 27.00
26.87 27.00
26.86 27.00
26.88 27.00
26.88 27.00
26.88 27.00
26.87 27.00
26.88 27.00
26.88 27.00
26.88 27.00
26.89 27.00
26.90 27.00
26.89 27.00
26.89 27.00
26.89 27.00
26.90 27.00
26.90 27.00
26.90 27.00
26.90 27.00
26.90 27.00
26.90 27.00
26.90 27.00
26.91 27.00
26.91 27.00
26.91 27.00
26.92 27.00
26.92 27.00
26.92 27.00
26.92 27.00
26.91 27.00
26.92 27.00
26.93 27.00
26.93 27.00
26.92 27.00
26.93 27.00
26.93 27.00
26.93 27.00
26.93 27.00
26.94 27.00
26.93 27.00
26.93 27.00
26.94 27.00
26.93 27.00
26.93 27.00
26.94 27.00
26.93 27.00
26.95 27.00
26.93 27.00
26.93 27.00
26.93 27.00
26.95 27.00
26.94 27.00
26.95 27.00
26.95 27.00
26.95 27.00
26.95 27.00
26.96 27.00
26.96 27.00
26.96 27.00
26.95 27.00
26.96 27.00
26.97 27.00
26.97 27.00
26.97 27.00
26.98 27.00
26.98 27.00
26.98 27.00
26.99 27.00
26.99 27.00
26.98 27.00
26.98 27.00
26.98 27.00
26.99 27.00
26.99 27.00
27.00 27.00
26.98 27.00
27.00 27.00
27.00 27.00
26.99 27.00
27.00 27.00
27.01 27.00
27.01 27.00
27.00 27.00
27.01 27.00
27.00 27.00
26.99 27.00
27.01 27.00
27.01 27.00
27.02 27.00
27.00 27.00
26.99 27.00
27.00 27.00
27.00 27.00
27.00 27.00
26.99 27.00
26.99 27.00
26.99 27.00
27.00 27.00
27.01 27.00
27.00 27.00
27.00 27.00
27.01 27.00
27.01 27.00
27.01 27.00
27.02 27.00
27.01 27.00
27.01 27.00
27.02 27.00
27.01 27.00
27.02 27.00
27.02 27.00
27.01 27.00
27.02 27.00
27.02 27.00
27.03 27.00
27.03 27.00
27.03 27.00
27.02 27.00
27.03 27.00
27.04 27.00
27.03 27.00
27.03 27.00
27.04 27.00
27.04 27.00
27.04 27.00
27.04 27.00
27.05 27.00
27.05 27.00
27.05 27.00
27.05 27.00
27.05 27.00
27.05 27.00
27.06 27.00
27.04 27.00
27.05 27.00
27.05 27.00
27.05 27.00
27.05 27.00
27.05 27.00
27.06 27.00
27.05 27.00
27.05 27.00
27.05 27.00
27.06 27.00
27.06 27.00
27.06 27.00
27.07 27.00
27.06 27.00
27.06 27.00
27.07 27.00
27.07 27.00
27.08 27.00
27.08 27.00
27.08 27.00
27.08 27.00
27.07 27.00
27.08 27.00
27.06 27.00
27.07 27.00
27.07 27.00
27.07 27.00
27.07 27.00
27.08 27.00
27.08 27.00
27.09 27.00
27.08 27.00
27.09 27.00
27.09 27.00
27.08 27.00
27.10 27.00
27.10 27.00
27.10 27.00
27.09 27.00
27.10 27.00
27.10 27.00
27.10 27.00
27.10 27.00
27.11 27.00
27.10 27.00
27.10 27.00
27.10 27.00
27.10 27.00
27.10 27.00
27.10 27.00
27.10 27.00
27.11 27.00
27.10 27.00
27.11 27.00
27.10 27.00
27.10 27.00
27.11 27.00
27.10 27.00
27.11 27.00
27.12 27.00
27.13 27.00
27.11 27.00
27.12 27.00
27.11 27.00
27.12 27.00
27.12 27.00
27.11 27.00
27.12 27.00
27.12 27.00
27.11 27.00
27.11 27.00
27.11 27.00
27.13 27.00
27.11 27.00
27.11 27.00
27.11 27.00
27.12 27.00
27.11 27.00
27.11 27.00
27.12 27.00
27.11 27.00
27.12 27.00
27.11 27.00
27.11 27.00
27.12 27.00
27.12 27.00
27.11 27.00
27.12 27.00
27.11 27.00
27.11 27.00
27.11 27.00
27.11 27.00
27.10 27.00
27.10 27.00
27.11 27.00
27.11 27.00
27.10 27.00
27.11 27.00
27.09 27.00
27.09 27.00
27.08 27.00
27.09 27.00
27.09 27.00
27.10 27.00
27.08 27.00
27.10 27.00
27.09 27.00
27.09 27.00
27.09 27.00
27.08 27.00
27.09 27.00
27.10 27.00
27.08 27.00
27.09 27.00
27.09 27.00
27.09 27.00
27.08 27.00
27.08 27.00
27.08 27.00
27.07 27.00
27.07 27.00
27.07 27.00
27.08 27.00
27.07 27.00
27.06 27.00
27.07 27.00
27.07 27.00
27.07 27.00
27.07 27.00
27.07 27.00
27.06 27.00
27.06 27.00
27.07 27.00
27.06 27.00
27.06 27.00
27.06 27.00
27.06 27.00
27.06 27.00
27.05 27.00
27.06 27.00
27.05 27.00
27.05 27.00
27.05 27.00
27.05 27.00
27.05 27.00
27.04 27.00
27.02 27.00
27.03 27.00
27.04 27.00
27.03 27.00
27.04 27.00
27.03 27.00
27.03 27.00
27.04 27.00
27.04 27.00
27.03 27.00
27.03 27.00
27.03 27.00
27.02 27.00
27.03 27.00
27.03 27.00
27.04 27.00
27.04 27.00
27.04 27.00
27.04 27.00
27.03 27.00
27.03 27.00
27.03 27.00
27.04 27.00
27.03 27.00
27.03 27.00
27.04 27.00
27.02 27.00
27.02 27.00
27.03 27.00
27.03 27.00
27.03 27.00
27.03 27.00
27.02 27.00
27.01 27.00
27.01 27.00
27.00 27.00
27.00 27.00
26.99 27.00
27.00 27.00
27.00 27.00
26.99 27.00
26.99 27.00
27.00 27.00
27.00 27.00
26.99 27.00
27.00 27.00
27.00 27.00
27.01 27.00
26.99 27.00
26.99 27.00
27.00 27.00
27.00 27.00
27.01 27.00
26.99 27.00
27.01 27.00
27.00 27.00
26.99 27.00
26.99 27.00
26.99 27.00
26.99 27.00
27.00 27.00
26.99 27.00
26.98 27.00
26.99 27.00
26.99 27.00
26.99 27.00
26.99 27.00
27.00 27.00
26.98 27.00
26.99 27.00
26.98 27.00
26.99 27.00
26.98 27.00
26.98 27.00
27.00 27.00
26.99 27.00
27.00 27.00
27.00 27.00
26.99 27.00
27.00 27.00
27.00 27.00
26.99 27.00
27.00 27.00
26.99 27.00
26.99 27.00
26.99 27.00
26.98 27.00
26.99 27.00
26.99 27.00
26.99 27.00
26.98 27.00
26.98 27.00
26.98 27.00
26.97 27.00
26.98 27.00
26.97 27.00
26.96 27.00
26.97 27.00
26.97 27.00
26.96 27.00
26.97 27.00
26.97 27.00
26.96 27.00
26.96 27.00
26.97 27.00
26.96 27.00
26.96 27.00
26.97 27.00
26.96 27.00
26.95 27.00
26.95 27.00
26.95 27.00
26.95 27.00
26.93 27.00
26.93 27.00
26.91 27.00
26.91 27.00
26.91 27.00
26.92 27.00
26.91 27.00
26.92 27.00
26.91 27.00
26.91 27.00
26.92 27.00
26.92 27.00
26.92 27.00
26.92 27.00
26.91 27.00
26.91 27.00
26.93 27.00
26.91 27.00
26.91 27.00
26.92 27.00
26.91 27.00
26.91 27.00
26.91 27.00
26.90 27.00
26.91 27.00
26.90 27.00
26.91 27.00
26.90 27.00
26.90 27.00
26.90 27.00
26.90 27.00
26.91 27.00
26.91 27.00
26.90 27.00
26.90 27.00
26.90 27.00
26.90 27.00
26.91 27.00
26.91 27.00
26.91 27.00
26.91 27.00
26.91 27.00
26.90 27.00
26.91 27.00
26.91 27.00
26.90 27.00
26.91 27.00
26.91 27.00
26.92 27.00
26.90 27.00
26.90 27.00
26.90 27.00
26.90 27.00
26.91 27.00
26.91 27.00
26.91 27.00
26.90 27.00
26.90 27.00
26.90 27.00
26.89 27.00
26.91 27.00
26.90 27.00
26.91 27.00
26.90 27.00
26.90 27.00
26.91 27.00
26.91 27.00
26.89 27.00
26.90 27.00
26.90 27.00
26.90 27.00
26.91 27.00
26.90 27.00
26.91 27.00
26.91 27.00
26.90 27.00
26.91 27.00
26.92 27.00
26.92 27.00
26.92 27.00
26.92 27.00
26.92 27.00
26.93 27.00
26.92 27.00
26.93 27.00
26.92 27.00
26.93 27.00
26.92 27.00
26.93 27.00
26.94 27.00
26.95 27.00
26.95 27.00
26.93 27.00
26.94 27.00
26.94 27.00
26.95 27.00
26.94 27.00
26.96 27.00
26.96 27.00
26.96 27.00
26.96 27.00
26.96 27.00
26.96 27.00
26.96 27.00
26.95 27.00
26.95 27.00
26.95 27.00
26.96 27.00
26.95 27.00
26.96 27.00
26.95 27.00
26.96 27.00
26.96 27.00
26.96 27.00
26.96 27.00
26.96 27.00
26.96 27.00
26.96 27.00
26.96 27.00
26.97 27.00
26.97 27.00
26.97 27.00
26.97 27.00
26.98 27.00
26.97 27.00
26.98 27.00
26.97 27.00
26.97 27.00
26.97 27.00
26.98 27.00
26.98 27.00
26.97 27.00
26.98 27.00
26.98 27.00
26.96 27.00
26.96 27.00
26.95 27.00
26.96 27.00
26.96 27.00
26.96 27.00
26.96 27.00
26.97 27.00
26.97 27.00
26.97 27.00
26.98 27.00
26.98 27.00
26.97 27.00
26.98 27.00
26.97 27.00
26.97 27.00
26.97 27.00
26.97 27.00
26.97 27.00
26.98 27.00
26.97 27.00
26.97 27.00
26.98 27.00
26.98 27.00
26.97 27.00
26.98 27.00
26.98 27.00
26.98 27.00
26.98 27.00
26.98 27.00
26.98 27.00
26.97 27.00
26.98 27.00
26.99 27.00
26.99 27.00
26.99 27.00
26.98 27.00
26.99 27.00
26.98 27.00
26.99 27.00
26.98 27.00
26.99 27.00
26.98 27.00
26.98 27.00
26.97 27.00
26.99 27.00
26.99 27.00
26.99 27.00
27.00 27.00
27.00 27.00
27.01 27.00
27.00 27.00
27.02 27.00
27.01 27.00
27.01 27.00
27.02 27.00
27.01 27.00
27.02 27.00
27.01 27.00
27.00 27.00
27.00 27.00
27.02 27.00
27.00 27.00
27.01 27.00
27.00 27.00
27.00 27.00
27.00 27.00
27.00 27.00
27.01 27.00
27.00 27.00
27.01 27.00
27.01 27.00
27.01 27.00
27.01 27.00
27.00 27.00
27.02 27.00
27.01 27.00
27.01 27.00
27.02 27.00
27.01 27.00
27.02 27.00
27.02 27.00
27.02 27.00
27.02 27.00
27.03 27.00
27.03 27.00
27.03 27.00
27.04 27.00
27.02 27.00
27.04 27.00
27.03 27.00
27.02 27.00
27.03 27.00
27.03 27.00
27.02 27.00
27.02 27.00
27.02 27.00
27.03 27.00
27.02 27.00
27.03 27.00
27.02 27.00
27.02 27.00
27.03 27.00
27.02 27.00
27.03 27.00
27.03 27.00
27.03 27.00
27.02 27.00
27.04 27.00
27.03 27.00
27.03 27.00
27.03 27.00
27.04 27.00
27.03 27.00
27.04 27.00
27.03 27.00
27.04 27.00
27.04 27.00
27.04 27.00
27.04 27.00
27.03 27.00
27.03 27.00
27.04 27.00
27.05 27.00
27.04 27.00
27.04 27.00
27.04 27.00
27.04 27.00
27.04 27.00
27.05 27.00
27.05 27.00
27.05 27.00
27.04 27.00
27.05 27.00
27.05 27.00
27.05 27.00
27.06 27.00
27.05 27.00
27.05 27.00
27.05 27.00
27.05 27.00
27.05 27.00
27.04 27.00
27.04 27.00
27.05 27.00
27.05 27.00
27.04 27.00
27.05 27.00
27.05 27.00
27.04 27.00
27.04 27.00
27.04 27.00
27.04 27.00
27.03 27.00
27.05 27.00
27.03 27.00
27.04 27.00
27.04 27.00
27.04 27.00
27.04 27.00
27.04 27.00
27.04 27.00
27.04 27.00
27.03 27.00
27.03 27.00
27.03 27.00
27.03 27.00
27.02 27.00
27.02 27.00
27.03 27.00
27.03 27.00
27.04 27.00
27.03 27.00
27.03 27.00
27.02 27.00
27.03 27.00
27.03 27.00
27.03 27.00
27.03 27.00
27.04 27.00
27.03 27.00
27.03 27.00
27.04 27.00
27.03 27.00
27.03 27.00
27.04 27.00
27.04 27.00
27.04 27.00
27.03 27.00
27.04 27.00
27.03 27.00
27.04 27.00
27.03 27.00
27.04 27.00
27.04 27.00
27.04 27.00
27.04 27.00
27.04 27.00
27.04 27.00
27.03 27.00
27.04 27.00
27.04 27.00
27.05 27.00
27.03 27.00
27.03 27.00
27.04 27.00
27.04 27.00
27.03 27.00
27.03 27.00
27.03 27.00
27.04 27.00
27.05 27.00
27.03 27.00
27.04 27.00
27.04 27.00
27.05 27.00
27.04 27.00
27.03 27.00
27.04 27.00
27.04 27.00
27.03 27.00
27.04 27.00
27.03 27.00
27.03 27.00
27.03 27.00
27.02 27.00
27.02 27.00
27.03 27.00
27.03 27.00
27.02 27.00
27.02 27.00
27.02 27.00
27.03 27.00
27.03 27.00
27.02 27.00
27.03 27.00
27.03 27.00
27.02 27.00
27.03 27.00
27.03 27.00
27.02 27.00
27.03 27.00
27.04 27.00
27.03 27.00
27.03 27.00
27.04 27.00
27.03 27.00
27.03 27.00
27.04 27.00
27.02 27.00
27.03 27.00
27.02 27.00
27.03 27.00
27.03 27.00
27.03 27.00
27.04 27.00
27.03 27.00
27.03 27.00
27.03 27.00
27.02 27.00
27.02 27.00
27.01 27.00
27.01 27.00
27.00 27.00
27.00 27.00
27.01 27.00
27.01 27.00
27.00 27.00
26.99 27.00
27.00 27.00
27.00 27.00
27.01 27.00
27.01 27.00
27.00 27.00
27.00 27.00
